# oST version 5.0 parameters


[image]

width
640

height
480

[narrow_stereo]

camera matrix
724.503570 0.000000 313.783453
0.000000 727.360142 257.985526
0.000000 0.000000 1.000000

distortion
0.001742 -0.104322 0.003385 -0.006469 0.000000

rectification
1.000000 0.000000 0.000000
0.000000 1.000000 0.000000
0.000000 0.000000 1.000000

projection
720.566162 0.000000 310.349524 0.000000
0.000000 725.833801 258.498463 0.000000
0.000000 0.000000 1.000000 0.000000
