cam0:
  T_cam_imu:
  - [0.016746321726053944, -0.9997946754816707, 0.011409101066543324, 7.329630606471354e-05]
  - [-0.9998487661604321, -0.016691512025093228, 0.004882441374591078, -0.002008314263957093]
  - [-0.004691003742019862, -0.011489138558450518, -0.9999229941245853, 0.020453870354853323]
  - [0.0, 0.0, 0.0, 1.0]
  camera_model: pinhole
  distortion_coeffs: [0.101524, -0.248828, 0.000507, 0.004128]
  distortion_model: radtan
  intrinsics: [1580.21787, 1582.69632, 959.62805, 535.57104]
  resolution: [1920, 1080]
  rostopic: /head_camera/image_raw
  timeshift_cam_imu: -0.3835597622789176
