# oST version 5.0 parameters


[image]

width
1920

height
1080

[narrow_stereo]

camera matrix
1580.217870 0.000000 959.628048
0.000000 1582.696317 535.571044
0.000000 0.000000 1.000000

distortion
0.101524 -0.248828 0.000507 0.004128 0.000000

rectification
1.000000 0.000000 0.000000
0.000000 1.000000 0.000000
0.000000 0.000000 1.000000

projection
1585.194824 0.000000 966.718953 0.000000
0.000000 1601.523193 535.420055 0.000000
0.000000 0.000000 1.000000 0.000000
